# 169 Triangular Elements
# Global Point number for each Triangle

1 6 3 
5 9 0 
7 0 9 
13 1 2 
6 1 13 
11 14 2 
2 14 13 
12 14 11 
3 15 4 
6 15 3 
16 5 4 
16 9 5 
15 16 4 
6 17 15 
6 13 17 
8 18 10 
8 7 18 
9 18 7 
16 19 9 
19 18 9 
20 10 18 
12 11 22 
21 12 22 
12 23 14 
12 21 23 
14 24 13 
17 13 24 
14 23 24 
15 25 16 
16 25 19 
17 25 15 
17 24 25 
18 26 20 
19 26 18 
19 25 26 
27 20 26 
21 28 23 
28 29 23 
22 32 21 
21 32 28 
30 28 32 
23 35 24 
29 35 23 
25 36 26 
35 36 24 
24 36 25 
37 33 27 
37 27 26 
36 37 26 
30 38 28 
29 28 38 
29 38 39 
39 35 29 
40 30 32 
30 40 41 
30 41 38 
42 31 34 
42 43 31 
40 32 44 
34 33 45 
42 34 45 
37 45 33 
46 45 37 
36 46 37 
35 46 36 
39 46 35 
38 41 47 
38 47 39 
39 47 46 
40 44 48 
40 48 41 
48 49 41 
41 49 47 
50 48 44 
51 50 44 
42 52 43 
42 45 52 
52 53 43 
44 54 51 
52 45 55 
46 55 45 
47 55 46 
49 55 47 
48 50 56 
49 48 56 
49 56 55 
50 51 57 
50 57 56 
51 54 58 
51 58 57 
53 52 59 
59 52 55 
59 60 53 
54 63 64 
64 58 54 
65 58 64 
66 64 63 
67 59 55 
56 67 55 
56 57 67 
57 58 68 
65 68 58 
57 68 67 
61 60 69 
59 69 60 
67 69 59 
70 62 61 
70 61 69 
70 71 62 
63 72 66 
64 66 73 
65 64 73 
65 73 74 
65 74 68 
66 72 75 
66 75 73 
67 76 69 
68 76 67 
74 76 68 
70 77 71 
70 69 77 
77 69 76 
77 78 71 
72 80 75 
79 75 80 
73 75 81 
74 73 81 
74 81 76 
79 82 75 
82 81 75 
77 83 78 
76 83 77 
81 83 76 
84 78 83 
79 87 82 
86 82 87 
80 88 79 
87 79 88 
82 89 81 
86 89 82 
81 89 83 
90 85 84 
83 90 84 
89 90 83 
91 85 90 
91 92 85 
86 93 89 
87 94 86 
86 94 93 
88 95 87 
87 95 94 
96 90 89 
93 96 89 
91 90 97 
96 97 90 
98 92 91 
91 97 98 
93 99 96 
93 94 99 
95 100 94 
94 100 99 
99 101 96 
101 97 96 
97 102 98 
101 102 97 
99 100 103 
99 103 101 
103 104 101 
102 101 104 


# 105 Grid Points / Nodes, numerated 0 .... 104
# x and y coordinate for each point

0.0025000000000000001 0.050000000000000003 
0.0025000000000000005 0.014375000000000002 
0.0025000000000000001 0.0096250000000000016 
0.0025000000000000005 0.017718147100767207 
0.0025000000000000005 0.021500000000000005 
0.0025000000000000005 0.032339556888478123 
0.0055084899324966304 0.015378436004131763 
0.018333333333333337 0.050000000000000003 
0.034166666666666672 0.050000000000000003 
0.014762865069172808 0.036804070652036794 
0.050000000000000003 0.050000000000000003 
0.0025000000000000005 0.0055172480785984261 
0.0046477241368123407 0.00422941675804235 
0.0059429153044868767 0.011509272495117059 
0.005834831159688812 0.0072209462083975577 
0.0079027490577797607 0.019120384949373556 
0.010212854319155105 0.02591542984623307 
0.0088762032983102125 0.014331982020515426 
0.034104349031086494 0.036145145339406132 
0.020926653731461908 0.026424291838103482 
0.050000000000000003 0.030000000000000013 
0.0048032402758278686 0.0019889851962995283 
0.0025000000000000001 0.0025000000000000001 
0.0080941888857782567 0.0033676789917745022 
0.011514475424987829 0.0090999100083442568 
0.015555704595636658 0.017081533680690729 
0.031016576411832038 0.01722231418056118 
0.050000000000000003 0.010000000000000012 
0.0062990561763948284 -0.000132952747830919 
0.0093667507962911303 -0.00043868032485384125 
0.0050594358999321108 -0.0023078318756661045 
0.050000000000000003 -0.050000000000000003 
0.0025000000000000001 0 
0.050000000000000003 -0.0099999999999999742 
0.050000000000000003 -0.029999999999999957 
0.014193244230444968 0.0016061278440225855 
0.021324325966269049 0.0050538145626432733 
0.0335075497126835 -0.00074426928558552798 
0.0079846190979337359 -0.0029943928426605778 
0.011933565619207869 -0.0030716674093429546 
0.0030143268439465493 -0.0032596008764064453 
0.0054322302252041571 -0.0051617445760345918 
0.035826468142529065 -0.037382018857681984 
0.030000000000000013 -0.050000000000000003 
0 -0.0025000000000000001 
0.030178941855041923 -0.020506332127804359 
0.018525454042958002 -0.0062354123289132994 
0.0096635920451985154 -0.0073202479001218497 
0.0020801243606452216 -0.0063286065410343862 
0.0047913091479102688 -0.0087598171887686635 
-0.0011268734621014596 -0.0061544456457052268 
-0.0026295660224164583 -0.0040117402177399352 
0.018953398857603405 -0.03640376216060557 
0.010000000000000012 -0.050000000000000003 
-0.0025000000000000001 0 
0.0093143741379770537 -0.017698453055011013 
0.00021210698283008353 -0.011389779631192037 
-0.0042357135461075918 -0.0078392883414530219 
-0.005425259444568644 -0.0034971908665807679 
-0.0004292624470710273 -0.033714333906610938 
-0.0099999999999999742 -0.050000000000000003 
-0.029999999999999957 -0.050000000000000003 
-0.050000000000000003 -0.050000000000000003 
-0.0025000000000000001 0.0025000000000000001 
-0.0055410040019651594 0.00035175065478735884 
-0.008499755099166853 -0.0020228444979392369 
-0.005546120204861821 0.0031901028837208606 
-0.0071390157033113834 -0.017550511007582273 
-0.0098709875018698767 -0.0071498617946536202 
-0.02143171944775072 -0.030244454527146056 
-0.037415464337562564 -0.035756144550896374 
-0.050000000000000003 -0.030000000000000013 
-0.0025000000000000005 0.0055172480785984218 
-0.0093565898585073418 0.0016346393336654503 
-0.012251893835760341 -0.0022888504853717444 
-0.0079176325187397568 0.0069689620081157672 
-0.019659047916835551 -0.008359074873056066 
-0.035645602240062114 -0.018536268227335787 
-0.050000000000000003 -0.010000000000000012 
-0.0062340553044250629 0.011305164929258638 
-0.0025000000000000005 0.0096250000000000016 
-0.016383133490550122 0.0036087154386796969 
-0.0118861589605576 0.011095552483930217 
-0.032088683405530685 0.0026672322333330094 
-0.050000000000000003 0.0099999999999999742 
-0.050000000000000003 0.029999999999999957 
-0.01135412584179419 0.016035203481936058 
-0.0071242983370368848 0.015109596094800641 
-0.0025000000000000005 0.014374999999999999 
-0.01951459543208332 0.014505155507772666 
-0.033826991454981102 0.021465871511146668 
-0.038287552641805625 0.037724678714753428 
-0.050000000000000003 0.050000000000000003 
-0.013601302804153843 0.02047848487478111 
-0.0078397809943508839 0.019497335536093018 
-0.0025000000000000005 0.017718147100767211 
-0.019824151098980548 0.025700040613666361 
-0.026027790453221924 0.036783525262827459 
-0.034166666666666658 0.050000000000000003 
-0.0099589589831203841 0.026142581664273079 
-0.0025000000000000005 0.021500000000000005 
-0.014352061060812965 0.03689013935759209 
-0.018333333333333326 0.050000000000000003 
-0.0025000000000000005 0.03233955688847813 
-0.0025000000000000001 0.050000000000000003 


# Outer Boundary Edges
# These are edges on boundaries, the numbers are the numbers of the points
2 1 
1 3 
3 4 
4 5 
5 0 
0 7 
7 8 
8 10 
11 2 
10 20 
22 11 
20 27 
32 22 
27 33 
33 34 
34 31 
31 43 
44 32 
43 53 
54 44 
53 60 
60 61 
61 62 
63 54 
62 71 
72 63 
71 78 
80 72 
78 84 
84 85 
88 80 
85 92 
95 88 
92 98 
100 95 
98 102 
103 100 
102 104 
104 103 


# This are the boundary numbers of the edges above
# see picture! (boundary 0 ... 16) 
# Boundarys explaines:
# 0,1,2,15,16 : Outer boundary
# 5,11 : positive electrode
# 7,13 : negative electrode
# 3,4,6,8,9,10,12,14 : rest of the needle
12 
13 
13 
14 
14 
15 
15 
15 
11 
16 
11 
16 
10 
16 
16 
16 
1 
9 
1 
4 
1 
1 
1 
3 
0 
5 
0 
5 
0 
0 
6 
0 
7 
2 
7 
2 
8 
2 
8