0.0025000000000000001 0.050000000000000003 
0.0025000000000000005 0.014375000000000002 
0.0025000000000000001 0.0096250000000000016 
0.0025000000000000005 0.017718147100767207 
0.0025000000000000005 0.021500000000000005 
0.0025000000000000005 0.032339556888478123 
0.0055084899324966304 0.015378436004131763 
0.018333333333333337 0.050000000000000003 
0.034166666666666672 0.050000000000000003 
0.014762865069172808 0.036804070652036794 
0.050000000000000003 0.050000000000000003 
0.0025000000000000005 0.0055172480785984261 
0.0046477241368123407 0.00422941675804235 
0.0059429153044868767 0.011509272495117059 
0.005834831159688812 0.0072209462083975577 
0.0079027490577797607 0.019120384949373556 
0.010212854319155105 0.02591542984623307 
0.0088762032983102125 0.014331982020515426 
0.034104349031086494 0.036145145339406132 
0.020926653731461908 0.026424291838103482 
0.050000000000000003 0.030000000000000013 
0.0048032402758278686 0.0019889851962995283 
0.0025000000000000001 0.0025000000000000001 
0.0080941888857782567 0.0033676789917745022 
0.011514475424987829 0.0090999100083442568 
0.015555704595636658 0.017081533680690729 
0.031016576411832038 0.01722231418056118 
0.050000000000000003 0.010000000000000012 
0.0062990561763948284 -0.000132952747830919 
0.0093667507962911303 -0.00043868032485384125 
0.0050594358999321108 -0.0023078318756661045 
0.050000000000000003 -0.050000000000000003 
0.0025000000000000001 0 
0.050000000000000003 -0.0099999999999999742 
0.050000000000000003 -0.029999999999999957 
0.014193244230444968 0.0016061278440225855 
0.021324325966269049 0.0050538145626432733 
0.0335075497126835 -0.00074426928558552798 
0.0079846190979337359 -0.0029943928426605778 
0.011933565619207869 -0.0030716674093429546 
0.0030143268439465493 -0.0032596008764064453 
0.0054322302252041571 -0.0051617445760345918 
0.035826468142529065 -0.037382018857681984 
0.030000000000000013 -0.050000000000000003 
0 -0.0025000000000000001 
0.030178941855041923 -0.020506332127804359 
0.018525454042958002 -0.0062354123289132994 
0.0096635920451985154 -0.0073202479001218497 
0.0020801243606452216 -0.0063286065410343862 
0.0047913091479102688 -0.0087598171887686635 
-0.0011268734621014596 -0.0061544456457052268 
-0.0026295660224164583 -0.0040117402177399352 
0.018953398857603405 -0.03640376216060557 
0.010000000000000012 -0.050000000000000003 
-0.0025000000000000001 0 
0.0093143741379770537 -0.017698453055011013 
0.00021210698283008353 -0.011389779631192037 
-0.0042357135461075918 -0.0078392883414530219 
-0.005425259444568644 -0.0034971908665807679 
-0.0004292624470710273 -0.033714333906610938 
-0.0099999999999999742 -0.050000000000000003 
-0.029999999999999957 -0.050000000000000003 
-0.050000000000000003 -0.050000000000000003 
-0.0025000000000000001 0.0025000000000000001 
-0.0055410040019651594 0.00035175065478735884 
-0.008499755099166853 -0.0020228444979392369 
-0.005546120204861821 0.0031901028837208606 
-0.0071390157033113834 -0.017550511007582273 
-0.0098709875018698767 -0.0071498617946536202 
-0.02143171944775072 -0.030244454527146056 
-0.037415464337562564 -0.035756144550896374 
-0.050000000000000003 -0.030000000000000013 
-0.0025000000000000005 0.0055172480785984218 
-0.0093565898585073418 0.0016346393336654503 
-0.012251893835760341 -0.0022888504853717444 
-0.0079176325187397568 0.0069689620081157672 
-0.019659047916835551 -0.008359074873056066 
-0.035645602240062114 -0.018536268227335787 
-0.050000000000000003 -0.010000000000000012 
-0.0062340553044250629 0.011305164929258638 
-0.0025000000000000005 0.0096250000000000016 
-0.016383133490550122 0.0036087154386796969 
-0.0118861589605576 0.011095552483930217 
-0.032088683405530685 0.0026672322333330094 
-0.050000000000000003 0.0099999999999999742 
-0.050000000000000003 0.029999999999999957 
-0.01135412584179419 0.016035203481936058 
-0.0071242983370368848 0.015109596094800641 
-0.0025000000000000005 0.014374999999999999 
-0.01951459543208332 0.014505155507772666 
-0.033826991454981102 0.021465871511146668 
-0.038287552641805625 0.037724678714753428 
-0.050000000000000003 0.050000000000000003 
-0.013601302804153843 0.02047848487478111 
-0.0078397809943508839 0.019497335536093018 
-0.0025000000000000005 0.017718147100767211 
-0.019824151098980548 0.025700040613666361 
-0.026027790453221924 0.036783525262827459 
-0.034166666666666658 0.050000000000000003 
-0.0099589589831203841 0.026142581664273079 
-0.0025000000000000005 0.021500000000000005 
-0.014352061060812965 0.03689013935759209 
-0.018333333333333326 0.050000000000000003 
-0.0025000000000000005 0.03233955688847813 
-0.0025000000000000001 0.050000000000000003 