1 6 3 
5 9 0 
7 0 9 
13 1 2 
6 1 13 
11 14 2 
2 14 13 
12 14 11 
3 15 4 
6 15 3 
16 5 4 
16 9 5 
15 16 4 
6 17 15 
6 13 17 
8 18 10 
8 7 18 
9 18 7 
16 19 9 
19 18 9 
20 10 18 
12 11 22 
21 12 22 
12 23 14 
12 21 23 
14 24 13 
17 13 24 
14 23 24 
15 25 16 
16 25 19 
17 25 15 
17 24 25 
18 26 20 
19 26 18 
19 25 26 
27 20 26 
21 28 23 
28 29 23 
22 32 21 
21 32 28 
30 28 32 
23 35 24 
29 35 23 
25 36 26 
35 36 24 
24 36 25 
37 33 27 
37 27 26 
36 37 26 
30 38 28 
29 28 38 
29 38 39 
39 35 29 
40 30 32 
30 40 41 
30 41 38 
42 31 34 
42 43 31 
40 32 44 
34 33 45 
42 34 45 
37 45 33 
46 45 37 
36 46 37 
35 46 36 
39 46 35 
38 41 47 
38 47 39 
39 47 46 
40 44 48 
40 48 41 
48 49 41 
41 49 47 
50 48 44 
51 50 44 
42 52 43 
42 45 52 
52 53 43 
44 54 51 
52 45 55 
46 55 45 
47 55 46 
49 55 47 
48 50 56 
49 48 56 
49 56 55 
50 51 57 
50 57 56 
51 54 58 
51 58 57 
53 52 59 
59 52 55 
59 60 53 
54 63 64 
64 58 54 
65 58 64 
66 64 63 
67 59 55 
56 67 55 
56 57 67 
57 58 68 
65 68 58 
57 68 67 
61 60 69 
59 69 60 
67 69 59 
70 62 61 
70 61 69 
70 71 62 
63 72 66 
64 66 73 
65 64 73 
65 73 74 
65 74 68 
66 72 75 
66 75 73 
67 76 69 
68 76 67 
74 76 68 
70 77 71 
70 69 77 
77 69 76 
77 78 71 
72 80 75 
79 75 80 
73 75 81 
74 73 81 
74 81 76 
79 82 75 
82 81 75 
77 83 78 
76 83 77 
81 83 76 
84 78 83 
79 87 82 
86 82 87 
80 88 79 
87 79 88 
82 89 81 
86 89 82 
81 89 83 
90 85 84 
83 90 84 
89 90 83 
91 85 90 
91 92 85 
86 93 89 
87 94 86 
86 94 93 
88 95 87 
87 95 94 
96 90 89 
93 96 89 
91 90 97 
96 97 90 
98 92 91 
91 97 98 
93 99 96 
93 94 99 
95 100 94 
94 100 99 
99 101 96 
101 97 96 
97 102 98 
101 102 97 
99 100 103 
99 103 101 
103 104 101 
102 101 104 