0.00075000000000000012 0.064670764605276918 
0.00075000000000000012 0.046600000000000003 
0.00075000000000000012 0.051506775550924006 
0.00074999999999999991 0.047999999999999994 
0.00075000000000000012 0.049575979341588701 
0.00075000000000000023 0.053872270633833083 
0.00075000000000000012 0.05677033308155463 
0.00075000000000000012 0.060320865487238022 
0.0032874635569947338 0.065092583930038042 
0.00075000000000000012 0.069999999999999993 
0.00075000000000000012 0.045200000000000004 
0.00075000000000000012 0.043800000000000006 
0.00075000000000000012 0.042400000000000007 
0.0033702500155572039 0.052463293649396295 
0.0022824893352314172 0.045817728977575065 
0.0021160860265785784 0.047149968997983585 
0.0030699610470386472 0.050397045621579747 
0.0027025636994628863 0.048568296282324355 
0.0043922413266504496 0.054956079823528174 
0.0066689186852980052 0.060471289557675285 
0.0075183990996756638 0.070000000000000007 
0.00074999999999999991 0.040999999999999995 
0.0021314870712533596 0.044367407907783964 
0.0020434878711642381 0.043008854596848521 
0.0017820708784608047 0.041607787938114676 
0.0015766250947996251 0.040512047300037296 
0.0033777995125487958 0.044964719206495599 
0.0051465920003611497 0.05125445867593921 
0.0058471175922151526 0.053172293663032749 
0.004084526794540814 0.046704732753855858 
0.0052910693653880608 0.048995540615703624 
0.008060519090961827 0.055719264974902101 
0.013275704441264375 0.061358547537995023 
0.019610613989359881 0.070000000000000007 
0.035000000000000003 0.069999999999999993 
0.00075000000000000012 0.039666666666666676 
0.0036094587022325745 0.043572416704642472 
0.0030283870510035421 0.042127382383996402 
0.0019496381483603972 0.039426281675783978 
0.0028327891663089471 0.040753875665197947 
0.0053757025557788028 0.044373826777287829 
0.0083579934703664188 0.051036710750899064 
0.0074899768475363551 0.047073595768528841 
0.014515064872878807 0.053875407859491242 
0.023314096264839001 0.059117165560708208 
0.035000000000000003 0.052755437821252693 
0.0020968468751424349 0.037991232931468839 
0.00075000000000000023 0.038333333333333337 
0.0047816034599967262 0.04162833536746912 
0.0036946766338437991 0.039303134594674521 
0.008302169091704897 0.043014036209073105 
0.01221636856469443 0.047141536715703612 
0.022480077080309434 0.046884493687899723 
0.035000000000000003 0.043337861679177844 
0.035000000000000003 0.035000000000000003 
0.035000000000000003 0.026662138320822169 
0.035000000000000003 0.01724456217874731 
0.035000000000000003 -6.9388939039072284e-18 
0.0035355975879162657 0.037222175227142149 
0.0019059941721383555 0.036666275945057079 
0.0007499999999999998 0.037000000000000005 
0.0065673715143088791 0.038454590211147666 
0.013436724402726252 0.039438475617309079 
0.025014882136345312 0.037700707385158662 
0.027552410488774104 0.030747695486573412 
0.025624204697484405 0.023367906964457286 
0.022215625556138551 0.012818125368499652 
0.015709881940264778 0 
0.0047623961698929299 0.035563202158942979 
0.0024010080960763761 0.035521008149433257 
0.00075000000000000012 0.035599999999999979 
0.0088886699680409426 0.034397425137555337 
0.016678086119171518 0.030818017627158911 
0.017299106020822283 0.021916902804942257 
0.01369758911092028 0.016512161979647322 
0.013093445477763754 0.010639229283941147 
0.0064456299245712386 0.0077168166970298328 
0 -6.9388939039072284e-18 
0.0048999762156110198 0.033126029827650338 
0.0027025174878406487 0.033875688595134332 
0.00075000000000000012 0.034199999999999987 
0.0065068655015967014 0.031427203533347776 
0.0090932138631918524 0.029671244491983318 
0.010854092535891849 0.025081509599850199 
0.0093608616087082208 0.020075561802003643 
0.0058183636214208401 0.014722125393693606 
0 0.011452323684273224 
0.0040804549836123138 0.031077871120316347 
0.0025219889989282207 0.032118002326822936 
0.00075000000000000002 0.032799999999999989 
0.0055286017605061851 0.029380996963333256 
0.0065327016981488123 0.027305959615227957 
0.0053949196662004739 0.02393948883099084 
0.0036035743165158713 0.020677315691805663 
0 0.018290601502968209 
0.0030836105129310471 0.029736119830470174 
0.0019416869121007072 0.030678874240273588 
0.00075000000000000012 0.031399999999999997 
0.0043123772094367744 0.026394784396792884 
0.0037363667221499332 0.028100966894088225 
0.0031387101009814691 0.025392521961786277 
0.00236370684089672 0.023868852692808883 
0 0.02268825231820306 
0.0020000704267457035 0.028870624887176004 
0.0016930171879571371 0.029715898346056303 
0.00075000000000000012 0.029999999999999999 
0.0025269791631462807 0.026594330111138698 
0.0018224904799396622 0.027650480455267905 
0.0015703563118836727 0.025873087319857057 
0 0.025032306488633249 
0.0010539954185043033 0.028411258787891157 
0.00075000000000000012 0.029249999999999998 
0.0010204710251599082 0.026928020368434624 
0.00073056805579613335 0.027751772529207328 
0 0.026244173261814569 
0 0.028499999999999998 
0 0.027400622605891316 