0 7 8 
0 8 9 
2 13 5 
10 14 1 
1 15 3 
15 1 14 
4 16 2 
16 13 2 
3 17 4 
17 16 4 
15 17 3 
5 18 6 
13 18 5 
7 6 19 
8 7 19 
18 19 6 
8 20 9 
8 19 20 
11 22 10 
22 14 10 
12 23 11 
22 11 23 
24 12 21 
24 23 12 
25 24 21 
26 14 22 
13 16 27 
28 18 13 
27 28 13 
15 29 17 
14 29 15 
26 29 14 
17 30 16 
27 16 30 
29 30 17 
31 19 18 
28 31 18 
19 32 20 
19 31 32 
32 33 20 
25 21 35 
23 36 22 
26 22 36 
37 23 24 
37 36 23 
25 35 38 
25 39 24 
25 38 39 
24 39 37 
36 40 26 
26 40 29 
28 41 31 
27 41 28 
27 30 41 
30 29 42 
30 42 41 
29 40 42 
43 32 31 
31 41 43 
33 44 34 
32 44 33 
43 44 32 
44 45 34 
35 47 38 
46 38 47 
37 39 48 
37 48 36 
36 48 40 
38 46 49 
39 38 49 
39 49 48 
40 48 50 
40 50 42 
42 51 41 
41 51 43 
42 50 51 
44 52 45 
43 52 44 
51 52 43 
53 45 52 
46 58 49 
46 59 58 
47 60 46 
59 46 60 
49 58 61 
49 61 48 
48 61 50 
51 62 52 
50 61 62 
50 62 51 
54 53 63 
63 53 52 
63 52 62 
55 54 64 
64 54 63 
55 65 56 
64 65 55 
56 66 57 
65 66 56 
66 67 57 
58 68 61 
59 69 58 
58 69 68 
60 70 59 
59 70 69 
68 71 61 
71 62 61 
64 72 65 
63 72 64 
72 63 62 
71 72 62 
73 66 65 
73 65 72 
74 66 73 
75 67 66 
74 75 66 
75 76 67 
76 77 67 
78 71 68 
69 79 68 
78 68 79 
70 80 69 
79 69 80 
81 71 78 
81 82 71 
82 72 71 
83 73 72 
82 83 72 
74 73 84 
83 84 73 
74 85 75 
84 85 74 
76 75 85 
85 86 76 
76 86 77 
78 87 81 
79 88 78 
87 78 88 
80 89 79 
88 79 89 
90 81 87 
81 90 82 
91 82 90 
91 83 82 
84 83 92 
91 92 83 
92 93 84 
93 85 84 
93 94 85 
85 94 86 
87 95 90 
88 96 87 
95 87 96 
89 97 88 
96 88 97 
98 92 91 
99 90 95 
90 99 91 
98 91 99 
98 100 92 
100 101 92 
101 93 92 
93 102 94 
101 102 93 
95 103 99 
104 95 96 
103 95 104 
96 97 105 
104 96 105 
100 98 106 
98 99 106 
103 107 99 
106 99 107 
100 108 101 
106 108 100 
109 102 101 
108 109 101 
110 107 103 
105 111 104 
104 111 103 
110 103 111 
108 106 112 
107 112 106 
110 113 107 
112 107 113 
114 109 108 
112 114 108 
110 111 115 
113 110 115 
113 115 116 
116 114 112 
113 116 112 