
# 110 Triangular Elements
# Global Point number for each Triangle

1 0 3 
3 0 4 
2 1 5 
3 5 1 
6 2 5 
2 6 7 
3 4 8 
3 8 5 
8 4 9 
6 5 10 
5 8 10 
6 11 7 
6 10 11 
12 10 8 
8 9 13 
12 8 13 
9 14 13 
12 17 10 
10 18 11 
17 18 10 
17 12 19 
12 13 19 
20 19 13 
14 15 21 
21 13 14 
20 13 21 
22 15 16 
22 21 15 
22 16 23 
24 25 19 
25 17 19 
17 26 18 
25 26 17 
27 24 28 
24 19 28 
20 28 19 
29 20 21 
20 29 28 
22 23 30 
22 30 21 
29 21 30 
31 30 23 
26 25 32 
24 32 25 
27 32 24 
33 32 27 
33 35 34 
33 27 35 
27 28 35 
29 30 36 
35 28 36 
29 36 28 
34 35 37 
31 38 30 
36 30 38 
38 31 39 
34 37 41 
42 32 33 
33 34 42 
34 41 42 
37 43 41 
44 41 43 
36 38 45 
35 36 45 
37 45 43 
37 35 45 
46 39 40 
39 46 38 
38 46 45 
47 46 40 
47 40 48 
41 49 42 
41 44 49 
42 49 50 
44 51 49 
44 52 51 
43 52 44 
43 45 52 
47 53 46 
53 45 46 
52 45 53 
47 48 54 
47 54 53 
49 55 50 
49 51 55 
50 55 56 
55 51 58 
52 53 59 
51 52 59 
51 59 58 
54 60 53 
59 53 60 
56 62 57 
55 62 56 
58 62 55 
63 61 57 
63 57 62 
58 59 64 
58 64 62 
59 60 65 
64 59 65 
66 61 63 
63 67 66 
63 62 67 
64 67 62 
64 65 68 
67 64 68 
69 66 67 
68 70 67 
69 67 70


# 71 Grid Points / Nodes, numerated 0 .... 70
# x and y coordinate for each point

-0.050000000000000003 0.050000000000000003 
-0.034166666666666658 0.050000000000000003 
-0.018333333333333326 0.050000000000000003 
-0.038351000739162734 0.037334027233840814 
-0.050000000000000003 0.029999999999999957 
-0.025594019465400162 0.036399499926688006 
-0.013653131107373682 0.038007173310168313 
-0.0025000000000000001 0.050000000000000003 
-0.033507109590157902 0.020631367393361483 
-0.050000000000000003 0.0099999999999999742 
-0.015289535884747508 0.022898410909493475 
-0.0025000000000000005 0.031680384584276293 
-0.021082091348795535 0.010633000554817959 
-0.031963537527365186 0.00036734226223597419 
-0.050000000000000003 -0.010000000000000012 
-0.050000000000000003 -0.030000000000000013 
-0.050000000000000003 -0.050000000000000003 
-0.010532689047788518 0.01011519877251745 
-0.0025000000000000005 0.015939290349915671 
-0.015994213845423752 0.00039118269039287775 
-0.02105740637640624 -0.00918566866136903 
-0.032119654694140722 -0.01964371587474471 
-0.036109208885385005 -0.036575495691430579 
-0.029999999999999957 -0.050000000000000003 
-0.0080449221570898944 -0.0022427633200331914 
-0.0076674362773023535 0.0031088931826924815 
-0.0025000000000000005 0.0058504508236968296 
-0.004062694219426473 -0.0055673086316529591 
-0.010134071817740816 -0.0098854848991503132 
-0.017285992404610255 -0.018876700777414837 
-0.018427897669438104 -0.03323332310202233 
-0.0099999999999999742 -0.050000000000000003 
-0.0025000000000000001 0 
0.00011295336862347594 -0.0044218305298059941 
0.0043746735153554301 -0.0052556427595933895 
0.00025253316938927538 -0.011286508267857247 
-0.0047458068906183846 -0.022430627326117808 
0.0073965294896170958 -0.0091944307756547383 
0.001265379188687565 -0.035106722044448348 
0.010000000000000012 -0.050000000000000003 
0.030000000000000013 -0.050000000000000003 
0.0082055836191303258 -0.0030230853625046999 
0.0025000000000000001 0 
0.012841027771137034 -0.0080241024429400822 
0.013890893033129032 -0.0028508828953753328 
0.01126803683457429 -0.018471652325960847 
0.019426974392479049 -0.036410962794609029 
0.035871880971293436 -0.037522873314777584 
0.050000000000000003 -0.050000000000000003 
0.010002564713266035 0.0024000009891646181 
0.0025000000000000005 0.0058504508236968192 
0.018684720562951184 0.0017114154716292012 
0.020120396421790816 -0.0092606648051074339 
0.029932430463988122 -0.021203403779278915 
0.050000000000000003 -0.029999999999999957 
0.012285088327851331 0.010083811156474528 
0.0025000000000000005 0.015939290349915664 
0.0025000000000000005 0.031680384584276251 
0.022721361129364612 0.011638588421828622 
0.032979790590427036 -0.00031258533908589293 
0.050000000000000003 -0.0099999999999999742 
0.0025000000000000001 0.050000000000000003 
0.017383268377786355 0.023075503043228546 
0.01341029600468838 0.037292756526180186 
0.034190260278537214 0.018826271074220476 
0.050000000000000003 0.010000000000000012 
0.018333333333333337 0.050000000000000003 
0.034098555278561996 0.036039456255663092 
0.050000000000000003 0.030000000000000013 
0.034166666666666672 0.050000000000000003 
0.050000000000000003 0.050000000000000003 



# Outer Boundary Edges
# These are edges on boundaries, the numbers are the numbers of the points
0 1 
1 2 
4 0 
2 7 
9 4 
7 11 
14 9 
15 14 
16 15 
11 18 
23 16 
18 26 
31 23 
26 32 
39 31 
40 39 
32 42 
48 40 
42 50 
54 48 
50 56 
56 57 
60 54 
57 61 
65 60 
61 66 
68 65 
66 69 
69 70 
70 68

# This are the boundary numbers of the edges above
# see picture! (boundary 0 ... 7) 
# Boundary 3,4,5 is the needle
# Boundary 0,1,2,3,6,7 are the remaining boundaries of the domain
2 
2 
0 
2 
0 
3 
0 
0 
0 
3 
1 
3 
1 
3 
1 
1 
4 
1 
5 
7 
5 
5 
7 
5 
7 
6 
7 
6 
6 
7 


# These nodes are the corners
# see picture
0    -   outer   left  upper  corner
7    -   needle  left  upper  corner
16   -   outer   left   down  corner
32   -   needle  left   down  corner
42   -   needle right   down  corner
48   -   outer  right   down  corner
61   -   needle right  upper  corner
70   -   outer  right  upper  corner


