-0.050000000000000003 0.050000000000000003 
-0.034166666666666658 0.050000000000000003 
-0.018333333333333326 0.050000000000000003 
-0.038351000739162734 0.037334027233840814 
-0.050000000000000003 0.029999999999999957 
-0.025594019465400162 0.036399499926688006 
-0.013653131107373682 0.038007173310168313 
-0.0025000000000000001 0.050000000000000003 
-0.033507109590157902 0.020631367393361483 
-0.050000000000000003 0.0099999999999999742 
-0.015289535884747508 0.022898410909493475 
-0.0025000000000000005 0.031680384584276293 
-0.021082091348795535 0.010633000554817959 
-0.031963537527365186 0.00036734226223597419 
-0.050000000000000003 -0.010000000000000012 
-0.050000000000000003 -0.030000000000000013 
-0.050000000000000003 -0.050000000000000003 
-0.010532689047788518 0.01011519877251745 
-0.0025000000000000005 0.015939290349915671 
-0.015994213845423752 0.00039118269039287775 
-0.02105740637640624 -0.00918566866136903 
-0.032119654694140722 -0.01964371587474471 
-0.036109208885385005 -0.036575495691430579 
-0.029999999999999957 -0.050000000000000003 
-0.0080449221570898944 -0.0022427633200331914 
-0.0076674362773023535 0.0031088931826924815 
-0.0025000000000000005 0.0058504508236968296 
-0.004062694219426473 -0.0055673086316529591 
-0.010134071817740816 -0.0098854848991503132 
-0.017285992404610255 -0.018876700777414837 
-0.018427897669438104 -0.03323332310202233 
-0.0099999999999999742 -0.050000000000000003 
-0.0025000000000000001 0 
0.00011295336862347594 -0.0044218305298059941 
0.0043746735153554301 -0.0052556427595933895 
0.00025253316938927538 -0.011286508267857247 
-0.0047458068906183846 -0.022430627326117808 
0.0073965294896170958 -0.0091944307756547383 
0.001265379188687565 -0.035106722044448348 
0.010000000000000012 -0.050000000000000003 
0.030000000000000013 -0.050000000000000003 
0.0082055836191303258 -0.0030230853625046999 
0.0025000000000000001 0 
0.012841027771137034 -0.0080241024429400822 
0.013890893033129032 -0.0028508828953753328 
0.01126803683457429 -0.018471652325960847 
0.019426974392479049 -0.036410962794609029 
0.035871880971293436 -0.037522873314777584 
0.050000000000000003 -0.050000000000000003 
0.010002564713266035 0.0024000009891646181 
0.0025000000000000005 0.0058504508236968192 
0.018684720562951184 0.0017114154716292012 
0.020120396421790816 -0.0092606648051074339 
0.029932430463988122 -0.021203403779278915 
0.050000000000000003 -0.029999999999999957 
0.012285088327851331 0.010083811156474528 
0.0025000000000000005 0.015939290349915664 
0.0025000000000000005 0.031680384584276251 
0.022721361129364612 0.011638588421828622 
0.032979790590427036 -0.00031258533908589293 
0.050000000000000003 -0.0099999999999999742 
0.0025000000000000001 0.050000000000000003 
0.017383268377786355 0.023075503043228546 
0.01341029600468838 0.037292756526180186 
0.034190260278537214 0.018826271074220476 
0.050000000000000003 0.010000000000000012 
0.018333333333333337 0.050000000000000003 
0.034098555278561996 0.036039456255663092 
0.050000000000000003 0.030000000000000013 
0.034166666666666672 0.050000000000000003 
0.050000000000000003 0.050000000000000003 