1 0 3 
3 0 4 
2 1 5 
3 5 1 
6 2 5 
2 6 7 
3 4 8 
3 8 5 
8 4 9 
6 5 10 
5 8 10 
6 11 7 
6 10 11 
12 10 8 
8 9 13 
12 8 13 
9 14 13 
12 17 10 
10 18 11 
17 18 10 
17 12 19 
12 13 19 
20 19 13 
14 15 21 
21 13 14 
20 13 21 
22 15 16 
22 21 15 
22 16 23 
24 25 19 
25 17 19 
17 26 18 
25 26 17 
27 24 28 
24 19 28 
20 28 19 
29 20 21 
20 29 28 
22 23 30 
22 30 21 
29 21 30 
31 30 23 
26 25 32 
24 32 25 
27 32 24 
33 32 27 
33 35 34 
33 27 35 
27 28 35 
29 30 36 
35 28 36 
29 36 28 
34 35 37 
31 38 30 
36 30 38 
38 31 39 
34 37 41 
42 32 33 
33 34 42 
34 41 42 
37 43 41 
44 41 43 
36 38 45 
35 36 45 
37 45 43 
37 35 45 
46 39 40 
39 46 38 
38 46 45 
47 46 40 
47 40 48 
41 49 42 
41 44 49 
42 49 50 
44 51 49 
44 52 51 
43 52 44 
43 45 52 
47 53 46 
53 45 46 
52 45 53 
47 48 54 
47 54 53 
49 55 50 
49 51 55 
50 55 56 
55 51 58 
52 53 59 
51 52 59 
51 59 58 
54 60 53 
59 53 60 
56 62 57 
55 62 56 
58 62 55 
63 61 57 
63 57 62 
58 59 64 
58 64 62 
59 60 65 
64 59 65 
66 61 63 
63 67 66 
63 62 67 
64 67 62 
64 65 68 
67 64 68 
69 66 67 
68 70 67 
69 67 70