0 2 
4 0 
1 5 
7 1 
8 4 
2 9 
5 12 
13 7 
9 16 
17 8 
12 22 
23 13 
16 28 
29 17 
28 35 
22 36 
38 23 
35 43 
43 44 
45 29 
44 54 
54 55 
36 56 
59 38 
67 45 
55 77 
77 79 
56 80 
83 59 
92 67 
79 105 
105 107 
80 108 
112 83 
108 120 
123 92 
134 123 
107 138 
138 139 
143 134 
148 112 
120 157 
139 172 
172 173 
182 143 
184 182 
188 148 
157 198 
198 201 
173 215 
215 216 
229 184 
234 188 
245 234 
201 246 
216 263 
263 264 
277 229 
282 277 
283 282 
284 283 
285 284 
286 285 
287 286 
288 287 
302 245 
246 304 
310 288 
304 311 
312 310 
313 312 
314 313 
315 314 
311 316 
316 317 
317 318 
318 319 
320 315 
321 320 
319 322 
322 323 
323 324 
324 321 
264 337 
337 338 
338 365 
379 302 
365 441 
454 379 
441 515 
528 454 
515 588 
600 528 
588 659 
671 600 
659 728 
739 671 
728 795 
806 739 
815 806 
816 815 
795 864 
884 816 
886 884 
864 932 
954 886 
932 999 
1020 954 
999 1064 
1085 1020 
1064 1128 
1148 1085 
1153 1148 
1128 1192 
1218 1153 
1220 1218 
1192 1259 
1286 1220 
1288 1286 
1259 1325 
1354 1288 
1356 1354 
1325 1390 
1420 1356 
1422 1420 
1390 1454 
1486 1422 
1488 1486 
1454 1517 
1549 1488 
1551 1549 
1517 1580 
1613 1551 
1615 1613 
1580 1643 
1679 1615 
1643 1704 
1740 1679 
1743 1740 
1704 1765 
1803 1743 
1804 1803 
1765 1824 
1865 1804 
1866 1865 
1824 1884 
1926 1866 
1884 1942 
1981 1926 
1942 1995 
2033 1981 
1995 2045 
2081 2033 
2045 2090 
2127 2081 
2090 2133 
2170 2127 
2133 2174 
2210 2170 
2174 2212 
2246 2210 
2212 2248 
2281 2246 
2248 2283 
2283 2284 
2316 2281 
2284 2317 
2350 2316 
2317 2351 
2351 2352 
2385 2350 
2352 2386 
2421 2385 
2386 2422 
2458 2421 
2422 2459 
2493 2458 
2459 2494 
2527 2493 
2494 2528 
2528 2530 
2564 2527 
2530 2565 
2600 2564 
2565 2601 
2601 2602 
2602 2603 
2637 2600 
2603 2638 
2674 2637 
2638 2675 
2675 2676 
2712 2674 
2676 2713 
2713 2714 
2714 2715 
2752 2712 
2715 2753 
2791 2752 
2753 2792 
2792 2793 
2832 2791 
2793 2833 
2833 2834 
2873 2832 
2834 2874 
2874 2875 
2916 2873 
2875 2919 
2957 2916 
2919 2960 
2996 2957 
2960 2999 
3033 2996 
2999 3036 
3069 3033 
3036 3072 
3101 3069 
3072 3104 
3131 3101 
3104 3134 
3160 3131 
3134 3163 
3187 3160 
3163 3190 
3213 3187 
3190 3216 
3237 3213 
3216 3240 
3260 3237 
3240 3263 
3281 3260 
3263 3284 
3301 3281 
3284 3304 
3319 3301 
3304 3322 
3336 3319 
3322 3339 
3352 3336 
3339 3355 
3366 3352 
3355 3369 
3378 3366 
3369 3381 
3388 3378 
3381 3391 
3397 3388 
3391 3400 
3404 3397 
3400 3407 
3410 3404 
3407 3412 
3414 3410 
3412 3416 
3417 3414 
3416 3418 
3418 3417 