2 
0 
0 
1 
0 
2 
0 
1 
2 
0 
0 
1 
2 
0 
2 
0 
1 
2 
2 
0 
2 
2 
0 
1 
0 
2 
2 
0 
1 
0 
2 
2 
0 
1 
0 
0 
0 
2 
2 
0 
1 
0 
2 
2 
0 
0 
1 
0 
0 
2 
2 
0 
1 
1 
0 
2 
2 
0 
0 
0 
0 
0 
0 
0 
0 
1 
0 
0 
0 
0 
0 
0 
0 
0 
0 
0 
0 
0 
0 
0 
0 
0 
0 
2 
2 
2 
1 
8 
1 
8 
1 
8 
1 
8 
1 
8 
1 
8 
1 
1 
1 
8 
1 
1 
8 
1 
8 
1 
8 
1 
8 
1 
1 
8 
1 
1 
8 
1 
1 
8 
1 
1 
8 
1 
1 
7 
1 
1 
7 
1 
1 
7 
1 
1 
7 
1 
6 
1 
1 
6 
1 
1 
6 
1 
1 
5 
1 
5 
16 
5 
16 
5 
16 
3 
16 
3 
16 
4 
16 
4 
16 
9 
16 
9 
10 
16 
10 
16 
11 
11 
16 
11 
16 
11 
16 
12 
16 
12 
16 
12 
13 
16 
13 
16 
13 
13 
14 
16 
14 
16 
14 
14 
16 
14 
14 
14 
16 
14 
16 
14 
14 
16 
14 
14 
16 
14 
14 
16 
14 
16 
15 
16 
15 
16 
15 
16 
15 
16 
15 
16 
15 
16 
15 
16 
15 
16 
15 
16 
15 
16 
15 
16 
15 
16 
15 
16 
15 
16 
15 
16 
15 
16 
15 
16 
15 
16 
15 
16 
15 
16 
15 
16 
15 
16 
15 
16 
15 
16 